&allocations
    nelements = 2
    natoms = 8
    ngrid = 18, 18, 18
&end

&crystal
    lfactor = 0.1
    
    lattvec = 
    4.199598984  0.000000000  0.000000000
    0.000000000  4.199598984  0.000000000
    0.000000000  0.000000000  4.199598984

    elements = "Mg", "O"
    
    types = 1, 1, 1, 1, 2, 2, 2, 2
    
    positions = 
    0.004474622  0.004474622  0.004474622
    0.004474622  0.504474622  0.504474622
    0.504474622  0.004474622  0.504474622
    0.504474622  0.504474622  0.004474622
    0.504474622  0.004474622  0.004474622
    0.504474622  0.504474622  0.504474622
    0.004474622  0.004474622  0.504474622
    0.004474622  0.504474622  0.004474622

    scell = 4, 4, 4

    epsilon = 
    1.0 0.0 0.0
    0.0 1.0 0.0
    0.0 0.0 1.0
        
    born = 
    1.4 0.0 0.0   0.0 1.4 0.0   0.0 0.0 1.4
    1.4 0.0 0.0   0.0 1.4 0.0   0.0 0.0 1.4
    1.4 0.0 0.0   0.0 1.4 0.0   0.0 0.0 1.4
    1.4 0.0 0.0   0.0 1.4 0.0   0.0 0.0 1.4
   -1.4 0.0 0.0   0.0 -1.4 0.0  0.0 0.0 -1.4
   -1.4 0.0 0.0   0.0 -1.4 0.0  0.0 0.0 -1.4
   -1.4 0.0 0.0   0.0 -1.4 0.0  0.0 0.0 -1.4
   -1.4 0.0 0.0   0.0 -1.4 0.0  0.0 0.0 -1.4
&end

&parameters
	T = 300
    scalebroad = 1.0
&end

&flags
    nonanalytic = .False.
    convergence = .true.
    isotopes = .true.
    autoisotopes = .true.
&end
